----------------------------------------
----------------------------------------
-------------------
----
--
-- The Von Neumann Calculator
-- A VHDL Project
-- Polytech Nice-Sophia
-- ELEC4
-- 2013
-- 
-- Stimulus file for Control Unit
--
----
-------------------
----------------------------------------
----------------------------------------

-- Stimulus format is
-- RST          N            Z            C            V            OPCODEIN[6..0]
----------------------------------------------------------------------------------
   1            0            0            0            0            0000000
   0            0            0            0            0            0000000
   0            0            0            0            0            0000001
   0            0            0            0            0            0000001
   0            0            0            0            0            0000010
   0            0            0            0            0            0000010
   0            0            0            0            0            0000101
   0            0            0            0            0            0000101
   0            0            0            0            0            0000110
   0            0            0            0            0            0000110
   0            0            0            0            0            0001000
   0            0            0            0            0            0001000
   0            0            0            0            0            0001001
   0            0            0            0            0            0001001
   0            0            0            0            0            0001010
   0            0            0            0            0            0001010
   0            0            0            0            0            0001011
   0            0            0            0            0            0001011
   0            0            0            0            0            0001100
   0            0            0            0            0            0001100
   0            0            0            0            0            0010000
   0            0            0            0            0            0010000
   0            0            0            0            0            0100000
   0            0            0            0            0            0100000
   0            0            0            0            0            1001100
   0            0            0            0            0            1001100
   0            0            0            0            0            1000010
   0            0            0            0            0            1000010
   0            0            0            0            0            1100000
   0            0            0            0            0            1100000
   0            0            1            0            0            1100000
   0            0            1            0            0            1100000
   0            0            0            0            0            1100001
   0            0            0            0            0            1100001
   0            1            0            0            0            1100001
   0            1            0            0            0            1100001
   0            0            0            0            0            1110000
   0            0            0            0            0            1110000
   1            0            0            0            0            0000000
----------------------------------------
----------------------------------------
-------- Written by Kaiserhaz ----------
----------------------------------------
----------------------------------------