----------------------------------------
----------------------------------------
-------------------
----
--
-- The Von Neumann Calculator
-- A VHDL Project
-- Polytech Nice-Sophia
-- ELEC4
-- 2013
-- 
-- Stimulus file for register bank
--
----
-------------------
----------------------------------------
----------------------------------------

-- Stimulus format is
-- RST          RW          DATAIN[15..0]         D_ADDRESS[3..0]         A_ADDRESS[3..0]         B_ADDRESS[3..0]
-----------------------------------------------------------------------------------------------------------------

   1            0           0000000000001010      0000                    0000                    0000
   0            1           0000000000001010      0000                    0001                    0000
   0            1           0000000000001010      0001                    0010                    0100
   0            1           1000000000001010      0010                    0100                    0000
   0            1           0000000000001010      0011                    0100                    0011
   0            1           1000000000001010      0100                    0100                    0110
   0            1           0000000000001010      0101                    0100                    0111
   0            1           1000000000001010      0110                    0100                    0111
   0            1           0000000000001010      0111                    0100                    0111
   0            1           0000000000001010      1000                    0001                    0000
   0            1           0000000000001010      1001                    0010                    0100
   0            1           1000000000001010      1010                    0100                    0000
   0            1           0000000000001010      1011                    0100                    0011
   0            1           1000000000001010      1100                    0100                    0110
   0            1           0000000000001010      1101                    0100                    0111
   0            1           1000000000001010      1110                    0100                    0111
   0            1           0000000000001010      1111                    0100                    0111
   0            0           1000000000001010      0000                    0000                    0000
   0			0			0000000000000111      1000                    0000                    0001
   0			0			0000000000000110      1001                    0010                    0000
   0			0			0000000000000110      1010                    0000                    0011
   0            0           1000000000001010      0000                    0100                    0000
   0			0			0000000000000111      1000                    0000                    0101
   0			0			0000000000000110      1001                    0110                    0000
   0			0			0000000000000110      1010                    0000                    0111
   0            0           1000000000001010      0000                    1000                    0000
   0			0			0000000000000111      1000                    0000                    1001
   0			0			0000000000000110      1001                    1010                    0000
   0			0			0000000000000110      1010                    0000                    1011
   0            0           1000000000001010      0000                    1100                    0000
   0			0			0000000000000111      1000                    0000                    1101
   0			0			0000000000000110      1001                    1110                    0000
   0			0			0000000000000110      1010                    0000                    1111
   1            0           0000000000000000      0000                    0000                    0000
   
----------------------------------------
----------------------------------------
-------- Written by Kaiserhaz ----------
----------------------------------------
----------------------------------------