----------------------------------------
----------------------------------------
-------------------
----
--
-- The Von Neumann Calculator
-- A VHDL Project
-- Polytech Nice-Sophia
-- ELEC4
-- 2013
-- 
-- Stimulus file for Datapath
--
----
-------------------
----------------------------------------
----------------------------------------

-- Stimulus format is
-- RST          DATAIN[15..0]         CTRLWORD[23...............................................................................................0]
--                                    IL[23]   PS[22..21]   DX[20..17]   AX[16..13]   BX[12..9]   MB[8]   FS[7..4]   MD[3]   RW[2]   MM[1]   MW[0]
--------------------------------------------------------------------------------------------------------------------------------------------------
   1            0000000000000000      0        00           0000         0000         0000        0       0000       0       0       0       0
   0            0000010001001010      1        00           0000         0000         0000        0       0000       0       0       1       0
   0            0000010000001010      0        01           0000         0000         0000        0       0000       0       1       0       0
   0            1000001000001010      0        01           0000         0000         0000        0       0001       0       1       0       0
   0            0000100000001010      0        01           0000         0000         0000        0       0010       0       1       0       0
   0            1001000000101010      0        01           0000         0000         0000        0       0101       0       1       0       0
   0            0010000010001010      0        01           0000         0000         0000        0       0110       0       1       0       0
   0            1000000000001010      0        01           0000         0000         0000        0       1000       0       1       0       0
   0            0000001100001010      0        01           0000         0000         0000        0       1001       0       1       0       0
   0            1000000000001010      0        01           0000         0000         0000        0       1010       0       1       0       0
   0            0000001000000111      0        01           0000         0000         0000        0       1011       0       1       0       0
   0            0000100001000110      0        01           0000         0000         0000        0       1100       0       1       0       0
   0            0000110010000110      0        01           0000         0000         0000        0       0000       1       1       0       0
   0            0000010000000110      0        01           0000         0000         0000        0       0000       0       0       0       1
   0            0010010000000110      0        01           0000         0000         0000        1       1100       0       1       0       0
   0            0000000010000110      0        01           0000         0000         0000        1       0010       0       1       0       0
   0            0001010010000110      0        10           0000         0000         0000        0       0000       0       0       0       0
   0            0000010000000110      0        01           0000         0000         0000        0       0000       0       0       0       0
   0            0000100010000110      0        10           0000         0000         0000        0       0000       0       0       0       0
   0            0000110001000110      0        01           0000         0000         0000        0       0000       0       0       0       0
   0            0000010100000110      0        11           0000         0000         0000        0       0000       0       0       0       0
   1            0000010000000110      0        01           0000         0000         0000        0       0000       1       1       0       0
   1            0000000010000110      0        01           0000         0000         0000        0       0000       1       1       0       0
   1            0000000010000110      0        01           0000         0000         0000        0       0000       1       1       0       0 
----------------------------------------
----------------------------------------
-------- Written by Kaiserhaz ----------
----------------------------------------
----------------------------------------